{
 "cells": [
  {
   "cell_type": "markdown",
   "id": "9c920c99-0af2-487e-8514-c84752c31634",
   "metadata": {},
   "source": [
    "Convert JASPAR2024 meme txt into motif dict for CNN"
   ]
  },
  {
   "cell_type": "code",
   "execution_count": 5,
   "id": "2bb674fb-a92d-4994-a775-10bceec8f8f8",
   "metadata": {},
   "outputs": [],
   "source": [
    "import os\n",
    "import pickle\n",
    "import numpy as np\n",
    "import pandas\n"
   ]
  },
  {
   "cell_type": "code",
   "execution_count": 2,
   "id": "0def4daa-cd1d-475e-8ada-d3a7d225fb60",
   "metadata": {},
   "outputs": [],
   "source": [
    "dataDir='/home/p541i/MBsnANA/HBana/ISM/Outs/'\n",
    "os.chdir(dataDir)"
   ]
  },
  {
   "cell_type": "code",
   "execution_count": 3,
   "id": "6fc83af9-f264-4458-b247-4bb72b95f2dd",
   "metadata": {},
   "outputs": [],
   "source": [
    "def parse_jaspar_meme(filename):\n",
    "    motifs = {}\n",
    "    with open(filename, 'r') as f:\n",
    "        lines = f.readlines()\n",
    "\n",
    "    motif_id = None\n",
    "    matrix = []\n",
    "    reading_matrix = False\n",
    "\n",
    "    for line in lines:\n",
    "        line = line.strip()\n",
    "        \n",
    "        if line.startswith('MOTIF'):\n",
    "            # Save previous motif if it exists\n",
    "            if motif_id and matrix:\n",
    "                motifs[motif_id] = matrix\n",
    "            # Start new motif\n",
    "            motif_id = line.split()[1]\n",
    "            matrix = []\n",
    "            reading_matrix = False\n",
    "        \n",
    "        elif line.startswith('letter-probability matrix:'):\n",
    "            reading_matrix = True\n",
    "            continue\n",
    "\n",
    "        elif reading_matrix:\n",
    "            if line == '' or line.startswith('MOTIF') or line.startswith('URL'):\n",
    "                reading_matrix = False\n",
    "                if motif_id and matrix:\n",
    "                    motifs[motif_id] = matrix\n",
    "                matrix = []\n",
    "            else:\n",
    "                values = list(map(float, line.strip().split()))\n",
    "                matrix.append(values)\n",
    "\n",
    "    # Don't forget the last motif\n",
    "    if motif_id and matrix:\n",
    "        motifs[motif_id] = matrix\n",
    "\n",
    "    return motifs\n"
   ]
  },
  {
   "cell_type": "code",
   "execution_count": null,
   "id": "8951c44e-4633-4124-b034-e99f5632d22c",
   "metadata": {},
   "outputs": [],
   "source": [
    "motifs_dict = parse_jaspar_meme(\"extrafiles/JASPAR2024_CORE_vertebrates_non-redundant_pfms_meme.txt\")\n"
   ]
  },
  {
   "cell_type": "code",
   "execution_count": null,
   "id": "31bc8042-d46b-4d00-9f62-21b9f79d4d26",
   "metadata": {},
   "outputs": [],
   "source": [
    "# Save to pickle\n",
    "with open(\"extrafiles/JASPAR2024_motifs_dict.pkl\", \"wb\") as f:\n",
    "    pickle.dump(motifs_dict, f)"
   ]
  },
  {
   "cell_type": "code",
   "execution_count": null,
   "id": "6b5a2cd5-b88d-4662-b343-0ddb3003166b",
   "metadata": {},
   "outputs": [],
   "source": [
    "## Convert JASPAR Matrix clusters into a dict\n",
    "## This will be used for initialization"
   ]
  },
  {
   "cell_type": "code",
   "execution_count": 6,
   "id": "37414d82-0989-4aa4-acb9-48fd3021419b",
   "metadata": {},
   "outputs": [
    {
     "data": {
      "text/plain": [
       "array([[0.087042, 0.548845, 0.231948, 0.132165],\n",
       "       [0.086604, 0.473336, 0.037652, 0.402408],\n",
       "       [0.663297, 0.007271, 0.017035, 0.312398],\n",
       "       [0.007722, 0.006245, 0.009486, 0.976547],\n",
       "       [0.023001, 0.005566, 0.014085, 0.957347],\n",
       "       [0.23099 , 0.058456, 0.649266, 0.061287],\n",
       "       [0.515792, 0.038108, 0.109296, 0.336804],\n",
       "       [0.299899, 0.075938, 0.066069, 0.558094],\n",
       "       [0.856015, 0.018101, 0.018776, 0.107108],\n",
       "       [0.145111, 0.062331, 0.073759, 0.718799],\n",
       "       [0.022915, 0.023343, 0.618   , 0.335742],\n",
       "       [0.014373, 0.531719, 0.347407, 0.106502],\n",
       "       [0.56004 , 0.304622, 0.006035, 0.129303],\n",
       "       [0.604033, 0.011916, 0.024287, 0.359764],\n",
       "       [0.659513, 0.004823, 0.312749, 0.022915],\n",
       "       [0.393141, 0.028485, 0.035177, 0.543197],\n",
       "       [0.045087, 0.57785 , 0.153102, 0.223961],\n",
       "       [0.41152 , 0.063995, 0.363657, 0.160828],\n",
       "       [0.165113, 0.123987, 0.641603, 0.069296]])"
      ]
     },
     "execution_count": 6,
     "metadata": {},
     "output_type": "execute_result"
    }
   ],
   "source": [
    "motifs_dict = parse_jaspar_meme(\"extrafiles/JASPAR2024_root.meme\")\n",
    "np.array(motifs_dict[\"cluster_001\"])"
   ]
  },
  {
   "cell_type": "code",
   "execution_count": 7,
   "id": "18b6276f-cd55-4ec6-9321-a7e52f975e87",
   "metadata": {},
   "outputs": [],
   "source": [
    "# Save to pickle\n",
    "with open(\"extrafiles/JASPAR2024_cluster_motifs_dict.pkl\", \"wb\") as f:\n",
    "    pickle.dump(motifs_dict, f)"
   ]
  },
  {
   "cell_type": "code",
   "execution_count": 3,
   "id": "31e8952f-90e8-4217-9b84-102f49cba1ce",
   "metadata": {},
   "outputs": [],
   "source": [
    "import pickle\n",
    "import os"
   ]
  },
  {
   "cell_type": "code",
   "execution_count": 4,
   "id": "553ad04e-bc17-43a5-8268-f56d1ac4a5c6",
   "metadata": {},
   "outputs": [],
   "source": [
    "dataDir='/home/p541i/MBsnANA/HBana/ISM/Outs/'\n",
    "os.chdir(dataDir)"
   ]
  },
  {
   "cell_type": "code",
   "execution_count": 6,
   "id": "b7b532b2-b463-4439-890b-7bb6bfa347b3",
   "metadata": {},
   "outputs": [],
   "source": [
    "with open('extrafiles/JASPAR2024_cluster_motifs_dict.pkl', 'rb') as f:\n",
    "    motifs_dict=pickle.load( f)\n"
   ]
  },
  {
   "cell_type": "code",
   "execution_count": 9,
   "id": "8d030681-218a-4674-82d9-cb6a667a04e9",
   "metadata": {},
   "outputs": [
    {
     "data": {
      "text/plain": [
       "[[0.302623, 0.06371, 0.607192, 0.026475],\n",
       " [0.077255, 0.216967, 0.18403, 0.521748],\n",
       " [0.024144, 0.93419, 0.025872, 0.015795],\n",
       " [0.799777, 0.104216, 0.057752, 0.038255],\n",
       " [0.100117, 0.76741, 0.026051, 0.106422],\n",
       " [0.047638, 0.070728, 0.683958, 0.197677],\n",
       " [0.014722, 0.199635, 0.101616, 0.684028],\n",
       " [0.09544, 0.027702, 0.77085, 0.106007],\n",
       " [0.538661, 0.233435, 0.169825, 0.058079],\n",
       " [0.040694, 0.623844, 0.07724, 0.258221],\n",
       " [0.09446, 0.644574, 0.127207, 0.133758],\n",
       " [0.462983, 0.023069, 0.42382, 0.090128]]"
      ]
     },
     "execution_count": 9,
     "metadata": {},
     "output_type": "execute_result"
    }
   ],
   "source": [
    "motifs_dict[\"cluster_003\"]"
   ]
  },
  {
   "cell_type": "code",
   "execution_count": 12,
   "id": "5c64c641-99a5-428e-8e18-14dbb44057d0",
   "metadata": {},
   "outputs": [
    {
     "data": {
      "text/plain": [
       "159"
      ]
     },
     "execution_count": 12,
     "metadata": {},
     "output_type": "execute_result"
    }
   ],
   "source": [
    "len(motifs_dict)"
   ]
  },
  {
   "cell_type": "code",
   "execution_count": null,
   "id": "ab453095-ca6a-4c81-9c17-f494ebbb82e7",
   "metadata": {},
   "outputs": [],
   "source": []
  }
 ],
 "metadata": {
  "kernelspec": {
   "display_name": "crested",
   "language": "python",
   "name": "crested"
  },
  "language_info": {
   "codemirror_mode": {
    "name": "ipython",
    "version": 3
   },
   "file_extension": ".py",
   "mimetype": "text/x-python",
   "name": "python",
   "nbconvert_exporter": "python",
   "pygments_lexer": "ipython3",
   "version": "3.12.9"
  }
 },
 "nbformat": 4,
 "nbformat_minor": 5
}
